id,user1_id,user2_id
1,200,243
2,201,289
3,202,254
4,203,311
5,204,297
6,205,260
7,206,334
8,207,225
9,208,319
10,209,277
11,210,341
12,211,256
13,212,303
14,213,280
15,214,358
16,215,295
17,216,221
18,217,272
19,218,320
20,219,347
21,220,231
22,221,215
23,222,309
24,223,344
25,224,250
26,225,207
27,226,338
28,227,263
29,228,284
30,229,301
31,230,257
32,231,220
33,232,349
34,233,273
35,234,297
36,235,356
37,236,243
38,237,298
39,238,320
40,239,351
41,240,263
42,241,329
43,242,218
44,243,236
45,244,260
46,245,325
47,246,299
48,247,339
49,248,271
50,249,301
51,250,224
52,251,327
53,252,334
54,253,285
55,254,202
56,255,344
57,256,211
58,257,230
59,258,355
60,259,322
61,260,205
62,261,339
63,262,350
64,263,241
65,264,317
66,265,302
67,266,356
68,267,336
69,268,320
70,269,296
71,270,337
72,271,248
73,272,217
74,273,233
75,274,307
76,275,355
77,276,349
78,277,209
79,278,321
80,279,330
81,280,213
82,281,350
83,282,331
84,283,319
85,284,228
86,285,253
87,286,341
88,287,307
89,288,344
90,289,201
91,290,339
92,291,312
93,292,300
94,293,346
95,294,352
96,295,214
97,296,269
98,297,234
99,298,237
100,299,246
